,cpu_usage,memory_usage,net_io,disk_io,latency_ms,throughput,cost,utilization
cpu_usage,1.0,-0.04358976641152681,-0.006131439783398745,-0.019101917440632738,-0.5935009246399645,0.6895913514899598,-0.022583019057392566,0.693985414081518
memory_usage,-0.04358976641152681,1.0,0.008069445637180577,-0.0018156995538873887,-0.6195364776470199,0.6800872550139222,-0.021701762510781552,0.6890540316612215
net_io,-0.006131439783398745,0.008069445637180577,1.0,-0.0058711094193230106,-0.025787457313486983,0.005457595284851939,0.00991359135490565,0.001372059579067045
disk_io,-0.019101917440632738,-0.0018156995538873887,-0.0058711094193230106,1.0,0.00385290768926254,-0.012809175318903195,0.06697274704947578,-0.015162062691994207
latency_ms,-0.5935009246399645,-0.6195364776470199,-0.025787457313486983,0.00385290768926254,1.0,-0.8682016563719033,0.021821523198247775,-0.8770125498267345
throughput,0.6895913514899598,0.6800872550139222,0.005457595284851939,-0.012809175318903195,-0.8682016563719033,1.0,-0.02909606986788497,0.9903515102881191
cost,-0.022583019057392566,-0.021701762510781552,0.00991359135490565,0.06697274704947578,0.021821523198247775,-0.02909606986788497,1.0,-0.03202042130957907
utilization,0.693985414081518,0.6890540316612215,0.001372059579067045,-0.015162062691994207,-0.8770125498267345,0.9903515102881191,-0.03202042130957907,1.0
