,How confident do you feel using online services and apps in general?,"When an online service runs slowly or goes down, how much does it affect you?",How important is it to you that the online services you use are fast and always available?,How much do you trust that your online service provider manages their systems responsibly to keep things running smoothly?,How important is it to you that the technology companies you rely on are using their computing resources efficiently and sustainably? For example: not running unnecessary servers that waste energy,"Overall, how satisfied are you with the reliability of the online services you use most?"
How confident do you feel using online services and apps in general?,1.0,0.24631355408873545,0.35525225709447067,0.34145076722955375,0.27374225917578154,0.13906394776973194
"When an online service runs slowly or goes down, how much does it affect you?",0.24631355408873545,1.0,0.39665112094912264,0.16425276897946745,0.22644160390743012,0.19182009742328684
How important is it to you that the online services you use are fast and always available?,0.35525225709447067,0.39665112094912264,1.0,0.36220380501367744,0.351720012864187,0.30795032806798545
How much do you trust that your online service provider manages their systems responsibly to keep things running smoothly?,0.34145076722955375,0.16425276897946745,0.36220380501367744,1.0,0.3339849519485257,0.3990009170927194
How important is it to you that the technology companies you rely on are using their computing resources efficiently and sustainably? For example: not running unnecessary servers that waste energy,0.27374225917578154,0.22644160390743012,0.351720012864187,0.3339849519485257,1.0,0.23362178883066612
"Overall, how satisfied are you with the reliability of the online services you use most?",0.13906394776973194,0.19182009742328684,0.30795032806798545,0.3990009170927194,0.23362178883066612,1.0
